45
455
500
336
28
267
411
115
371
132
345
369
174
496
20
225
429
27
108
493
87
290
268
398
125
430
404
447
378
305
500
152
422
246
59
237
201
164
165
338
350
132
23
417
432
179
431
486
252
27
468
218
369
134
357
264
208
389
362
264
114
165
489
345
446
309
207
389
167
109
414
117
288
213
168
360
414
144
477
447
184
420
475
301
19
304
455
499
308
134
225
357
97
314
127
174
141
267
74
295
89
274
403
385
224
170
342
153
187
379
429
126
61
111
347
326
188
185
476
280
59
196
297
300
348
229
47
4
212
38
331
439
426
425
87
30
65
130
435
140
361
58
381
452
103
125
180
140
421
464
399
254
488
308
355
370
400
134
74
127
72
139
367
369
268
16
441
106
365
372
499
230
150
8
457
382
423
68
418
245
182
407
245
485
283
194
394
269
433
290
364
310
326
314
244
175
83
275
59
11
397
382
87
180
387
120
148
307
499
44
269
228
167
15
88
21
342
53
114
157
4
320
381
427
221
220
357
203
396
461
288
364
134
483
185
332
122
490
264
45
225
354
98
378
459
185
432
36
9
44
190
95
213
379
482
344
50
160
241
260
402
39
226
463
216
295
481
106
406
125
481
149
286
282
413
315
222
486
442
475
109
258
68
210
282
460
396
29
2
393
102
41
322
396
236
125
14
484
246
405
316
91
338
319
461
481
498
96
143
146
185
135
294
221
481
299
162
404
304
21
204
429
377
170
60
421
10
440
142
360
156
249
151
13
451
29
464
166
236
394
378
376
47
196
240
459
228
89
148
115
102
317
479
20
208
198
487
238
85
169
200
223
146
231
445
131
231
93
82
411
80
308
472
318
353
398
80
338
361
291
239
342
388
157
464
405
32
89
212
20
94
56
266
22
28
416
353
217
457
227
105
473
396
494
364
102
33
418
452
3
406
19
297
66
456
410
153
55
161
374
258
35
375
414
387
134
159
451
409
325
58
290
85
429
343
193
29
260
124
50
464
87
163
27
346
51
177
405
435
86
432
132
238
343
355
109
258
450
131
451
231
168
59
311
195
302
43
206
146
278
469
395
42
71
326
122
176
495
183
414
255
295
85
332
387
265
79
404
199
13
338
321
147
330
173
493
477
110
500
327
424
351
433
69
2
41
78
84
214
426
392
309
398
7
265
418
493
345
377
401
262
387
280
476
476
380
12
461
343
47
172
301
216
396
421
158
260
446
486
135
183
401
25
138
360
161
486
304
472
335
221
453
327
286
399
15
246
289
321
6
446
202
329
87
66
93
27
132
265
491
323
366
238
228
125
313
199
482
2
210
270
320
437
271
269
90
385
138
382
47
373
435
457
178
30
116
378
169
274
478
200
42
484
213
391
256
232
405
311
361
288
225
57
492
404
396
255
189
66
81
401
296
390
145
159
287
213
458
279
322
121
267
73
118
46
325
153
268
408
135
14
20
14
58
463
260
111
135
309
22
68
232
494
104
448
248
191
138
15
472
11
469
54
260
193
189
359
89
394
273
188
5
466
76
196
300
262
446
131
482
379
285
107
492
386
234
319
84
326
223
181
128
304
194
474
333
361
167
469
84
231
198
358
427
174
64
194
6
276
400
41
259
69
125
59
401
183
335
383
421
216
446
419
268
328
496
290
448
5
167
340
18
453
242
14
183
120
447
325
345
274
211
227
386
434
472
19
334
230
41
300
250
477
399
314
432
34
42
209
18
401
186
112
173
444
209
34
194
396
338
493
384
267
280
444
40
66
47
303
236
442
490
350
6
99
255
184
14
188
67
443
161
312
85
123
300
281
273
130
248
364
368
310
52
349
180
115
346
25
412
73
399
27
131
263
210
17
215
268
247
136
360
201
91
301
109
120
132
327
500
452
381
15
58
447
132
436
155
270
364
319
447
445
443
461
71
165
101
192
152
369
210
120
112
43
405
264
354
169
493
125
293
314
318
484
476
446
367
300
477
27
127
121
395
429
127
87
500
394
429
77
234
399
401
83
183
134
427
116
26
13
355
245
322
467
401
111
272
261
367
399
177
50
151
146
387
342
91
36
266
387
454
63
381
110
475
31
75
324
343
326
479
114
209
194
429
482
369
428
110
230
295
373
231
465
159
151
201
144
22
148
197
436
339
34
486
185
45
306
274
65
263
112
448
382
129
82
337
49
2
381
490
27
276
199
83
438
235
372
14
363
447
152
277
389
405
92
358
128
318
145
266
135
377
378
377
282
245
253
0
310
44
325
62
251
113
66
50
288
290