1 0 0 0.9695846277645586
1 0 1 0.7751328233611146
1 0 2 0.9394989415641891
1 0 3 0.8948273504276488
1 0 4 0.5978999788110851
1 0 5 0.9218742350231168
1 0 6 0.0884925020519195
1 0 7 0.1959828624191452
1 0 8 0.045227288910538066
1 0 9 0.32533033076326434
1 1 0 0.388677289689482
1 1 1 0.2713490317738959
1 1 2 0.8287375091519293
1 1 3 0.3567533266935893
1 1 4 0.28093450968738076
1 1 5 0.5426960831582485
1 1 6 0.14092422497476265
1 1 7 0.8021969807540397
1 1 8 0.07455064367977082
1 1 9 0.9868869366005173
1 2 0 0.7722447692966574
1 2 1 0.1987156815341724
1 2 2 0.005522117123602399
1 2 3 0.8154614284548342
1 2 4 0.7068573438476171
1 2 5 0.7290071680409873
1 2 6 0.7712703466859457
1 2 7 0.07404465173409036
1 2 8 0.3584657285442726
1 2 9 0.11586905952512971
1 3 0 0.8631034258755935
1 3 1 0.6232981268275579
1 3 2 0.3308980248526492
1 3 3 0.06355835028602363
1 3 4 0.3109823217156622
1 3 5 0.32518332202674705
1 3 6 0.7296061783380641
1 3 7 0.6375574713552131
1 3 8 0.8872127425763265
1 3 9 0.4722149251619493
1 4 0 0.1195942459383017
1 4 1 0.713244787222995
1 4 2 0.7607850486168974
1 4 3 0.5612771975694962
1 4 4 0.770967179954561
1 4 5 0.49379559636439074
1 4 6 0.5227328293819941
1 4 7 0.42754101835854963
1 4 8 0.02541912674409519
1 4 9 0.10789142699330445