0 0 2 0
0 1 3 0
0 2 3 0
0 3 1 0
0 4 4 0
0 5 4 0
0 6 10 0
0 7 4 0
0 8 0 0
0 9 7 0
0 10 5 0
0 11 8 0
0 12 5 0
0 13 5 0
0 14 6 0
0 15 0 0
0 16 9 0
0 17 2 0
0 18 5 0
0 19 2 0
1 0 10 0
1 1 2 0
1 2 2 0
1 3 10 0
1 4 4 0
1 5 0 0
1 6 10 0
1 7 9 0
1 8 9 0
1 9 2 0
1 10 7 0
1 11 3 0
1 12 4 0
1 13 2 0
1 14 8 0
1 15 10 0
1 16 4 0
1 17 7 0
1 18 1 0
1 19 3 0
2 0 5 0
2 1 5 0
2 2 5 0
2 3 6 0
2 4 7 0
2 5 5 0
2 6 5 0
2 7 10 0
2 8 0 0
2 9 8 0
2 10 8 0
2 11 8 0
2 12 6 0
2 13 9 0
2 14 7 0
2 15 2 0
2 16 3 0
2 17 5 0
2 18 10 0
2 19 2 0
3 0 8 0
3 1 1 0
3 2 0 0
3 3 7 0
3 4 2 0
3 5 6 0
3 6 6 0
3 7 5 0
3 8 5 0
3 9 4 0
3 10 0 0
3 11 3 0
3 12 4 0
3 13 9 0
3 14 2 0
3 15 9 0
3 16 8 0
3 17 3 0
3 18 0 0
3 19 3 0
4 0 9 0
4 1 1 0
4 2 6 0
4 3 2 0
4 4 10 0
4 5 4 0
4 6 2 0
4 7 10 0
4 8 4 0
4 9 9 0
4 10 6 0
4 11 8 0
4 12 4 0
4 13 3 0
4 14 7 0
4 15 3 0
4 16 2 0
4 17 8 0
4 18 0 0
4 19 4 0
5 0 5 0
5 1 9 0
5 2 6 0
5 3 9 0
5 4 1 0
5 5 3 0
5 6 6 0
5 7 3 0
5 8 1 0
5 9 4 0
5 10 9 0
5 11 5 0
5 12 4 0
5 13 8 0
5 14 10 0
5 15 5 0
5 16 6 0
5 17 3 0
5 18 5 0
5 19 5 0
6 0 8 0
6 1 1 0
6 2 4 0
6 3 2 0
6 4 6 0
6 5 7 0
6 6 8 0
6 7 7 0
6 8 8 0
6 9 0 0
6 10 6 0
6 11 6 0
6 12 5 0
6 13 3 0
6 14 10 0
6 15 7 0
6 16 2 0
6 17 6 0
6 18 6 0
6 19 1 0
7 0 3 0
7 1 2 0
7 2 8 0
7 3 6 0
7 4 4 0
7 5 4 0
7 6 9 0
7 7 10 0
7 8 4 0
7 9 5 0
7 10 1 0
7 11 5 0
7 12 6 0
7 13 3 0
7 14 6 0
7 15 4 0
7 16 2 0
7 17 7 0
7 18 3 0
7 19 9 0
8 0 8 0
8 1 9 0
8 2 9 0
8 3 5 0
8 4 7 0
8 5 4 0
8 6 6 0
8 7 2 0
8 8 9 0
8 9 2 0
8 10 4 0
8 11 8 0
8 12 9 0
8 13 10 0
8 14 6 0
8 15 5 0
8 16 7 0
8 17 6 0
8 18 0 0
8 19 8 0
9 0 6 0
9 1 10 0
9 2 1 0
9 3 2 0
9 4 5 0
9 5 4 0
9 6 10 0
9 7 6 0
9 8 4 0
9 9 5 0
9 10 9 0
9 11 4 0
9 12 3 0
9 13 5 0
9 14 2 0
9 15 2 0
9 16 1 0
9 17 6 0
9 18 3 0
9 19 2 0
10 0 7 0
10 1 7 0
10 2 2 0
10 3 9 0
10 4 6 0
10 5 8 0
10 6 3 0
10 7 5 0
10 8 8 0
10 9 2 0
10 10 1 0
10 11 2 0
10 12 8 0
10 13 8 0
10 14 1 0
10 15 5 0
10 16 6 0
10 17 2 0
10 18 7 0
10 19 9 0
11 0 7 0
11 1 3 0
11 2 9 0
11 3 2 0
11 4 7 0
11 5 4 0
11 6 6 0
11 7 9 0
11 8 4 0
11 9 8 0
11 10 1 0
11 11 10 0
11 12 6 0
11 13 4 0
11 14 5 0
11 15 10 0
11 16 8 0
11 17 5 0
11 18 4 0
11 19 2 0
12 0 7 0
12 1 0 0
12 2 8 0
12 3 6 0
12 4 3 0
12 5 3 0
12 6 8 0
12 7 10 0
12 8 2 0
12 9 2 0
12 10 1 0
12 11 6 0
12 12 3 0
12 13 8 0
12 14 4 0
12 15 6 0
12 16 7 0
12 17 8 0
12 18 3 0
12 19 8 0
13 0 7 0
13 1 1 0
13 2 0 0
13 3 2 0
13 4 0 0
13 5 0 0
13 6 8 0
13 7 9 0
13 8 9 0
13 9 0 0
13 10 4 0
13 11 7 0
13 12 4 0
13 13 2 0
13 14 4 0
13 15 8 0
13 16 3 0
13 17 9 0
13 18 1 0
13 19 1 0
14 0 6 0
14 1 0 0
14 2 6 0
14 3 7 0
14 4 7 0
14 5 4 0
14 6 5 0
14 7 8 0
14 8 4 0
14 9 2 0
14 10 3 0
14 11 9 0
14 12 7 0
14 13 5 0
14 14 3 0
14 15 4 0
14 16 1 0
14 17 4 0
14 18 7 0
14 19 10 0
15 0 7 0
15 1 6 0
15 2 2 0
15 3 7 0
15 4 8 0
15 5 4 0
15 6 7 0
15 7 3 0
15 8 8 0
15 9 6 0
15 10 5 0
15 11 1 0
15 12 3 0
15 13 1 0
15 14 4 0
15 15 1 0
15 16 10 0
15 17 10 0
15 18 7 0
15 19 5 0
16 0 5 0
16 1 3 0
16 2 2 0
16 3 8 0
16 4 8 0
16 5 6 0
16 6 8 0
16 7 9 0
16 8 9 0
16 9 0 0
16 10 2 0
16 11 4 0
16 12 5 0
16 13 5 0
16 14 6 0
16 15 6 0
16 16 7 0
16 17 0 0
16 18 6 0
16 19 2 0
17 0 9 0
17 1 6 0
17 2 1 0
17 3 1 0
17 4 8 0
17 5 9 0
17 6 5 0
17 7 2 0
17 8 7 0
17 9 9 0
17 10 3 0
17 11 4 0
17 12 7 0
17 13 8 0
17 14 3 0
17 15 4 0
17 16 1 0
17 17 8 0
17 18 6 0
17 19 7 0
18 0 5 0
18 1 8 0
18 2 1 0
18 3 3 0
18 4 5 0
18 5 9 0
18 6 10 0
18 7 3 0
18 8 3 0
18 9 2 0
18 10 6 0
18 11 7 0
18 12 3 0
18 13 9 0
18 14 2 0
18 15 3 0
18 16 5 0
18 17 9 0
18 18 4 0
18 19 9 0
19 0 1 0
19 1 2 0
19 2 7 0
19 3 5 0
19 4 6 0
19 5 3 0
19 6 9 0
19 7 9 0
19 8 4 0
19 9 8 0
19 10 2 0
19 11 4 0
19 12 6 0
19 13 8 0
19 14 6 0
19 15 10 0
19 16 3 0
19 17 6 0
19 18 9 0
19 19 6 0