0 0 7 1
0 1 8 1
0 2 7 1
0 3 6 1
0 4 6 1
0 5 7 1
0 6 3 1
0 7 4 1
0 8 6 1
0 9 7 1
0 10 7 1
0 11 7 1
0 12 9 1
0 13 2 1
0 14 4 1
0 15 9 1
0 16 1 1
0 17 5 1
0 18 7 1
0 19 9 1
1 0 6 1
1 1 5 1
1 2 8 1
1 3 8 1
1 4 3 1
1 5 8 1
1 6 0 1
1 7 0 1
1 8 5 1
1 9 6 1
1 10 2 1
1 11 10 1
1 12 6 1
1 13 4 1
1 14 7 1
1 15 4 1
1 16 9 1
1 17 2 1
1 18 9 1
1 19 6 1
2 0 2 1
2 1 3 1
2 2 2 1
2 3 9 1
2 4 9 1
2 5 7 1
2 6 6 1
2 7 3 1
2 8 1 1
2 9 9 1
2 10 1 1
2 11 3 1
2 12 3 1
2 13 3 1
2 14 6 1
2 15 10 1
2 16 7 1
2 17 4 1
2 18 6 1
2 19 0 1
3 0 5 1
3 1 6 1
3 2 3 1
3 3 3 1
3 4 8 1
3 5 9 1
3 6 7 1
3 7 2 1
3 8 6 1
3 9 3 1
3 10 6 1
3 11 9 1
3 12 8 1
3 13 8 1
3 14 8 1
3 15 9 1
3 16 6 1
3 17 10 1
3 18 4 1
3 19 2 1
4 0 9 1
4 1 7 1
4 2 2 1
4 3 2 1
4 4 5 1
4 5 4 1
4 6 7 1
4 7 2 1
4 8 7 1
4 9 7 1
4 10 0 1
4 11 8 1
4 12 5 1
4 13 7 1
4 14 3 1
4 15 4 1
4 16 10 1
4 17 9 1
4 18 9 1
4 19 7 1
5 0 6 1
5 1 2 1
5 2 5 1
5 3 3 1
5 4 8 1
5 5 1 1
5 6 4 1
5 7 8 1
5 8 7 1
5 9 7 1
5 10 3 1
5 11 8 1
5 12 3 1
5 13 8 1
5 14 0 1
5 15 8 1
5 16 7 1
5 17 4 1
5 18 1 1
5 19 3 1
6 0 2 1
6 1 1 1
6 2 8 1
6 3 0 1
6 4 3 1
6 5 1 1
6 6 3 1
6 7 1 1
6 8 8 1
6 9 2 1
6 10 1 1
6 11 9 1
6 12 2 1
6 13 2 1
6 14 7 1
6 15 5 1
6 16 10 1
6 17 0 1
6 18 9 1
6 19 8 1
7 0 7 1
7 1 3 1
7 2 4 1
7 3 7 1
7 4 8 1
7 5 7 1
7 6 7 1
7 7 5 1
7 8 10 1
7 9 4 1
7 10 1 1
7 11 1 1
7 12 3 1
7 13 8 1
7 14 4 1
7 15 8 1
7 16 9 1
7 17 5 1
7 18 3 1
7 19 2 1
8 0 2 1
8 1 2 1
8 2 3 1
8 3 1 1
8 4 7 1
8 5 3 1
8 6 6 1
8 7 5 1
8 8 5 1
8 9 5 1
8 10 9 1
8 11 2 1
8 12 4 1
8 13 2 1
8 14 7 1
8 15 3 1
8 16 4 1
8 17 2 1
8 18 2 1
8 19 0 1
9 0 6 1
9 1 7 1
9 2 8 1
9 3 5 1
9 4 7 1
9 5 5 1
9 6 2 1
9 7 5 1
9 8 10 1
9 9 7 1
9 10 5 1
9 11 0 1
9 12 8 1
9 13 8 1
9 14 10 1
9 15 4 1
9 16 6 1
9 17 7 1
9 18 8 1
9 19 6 1
10 0 6 1
10 1 2 1
10 2 6 1
10 3 7 1
10 4 8 1
10 5 7 1
10 6 9 1
10 7 8 1
10 8 9 1
10 9 4 1
10 10 9 1
10 11 7 1
10 12 4 1
10 13 3 1
10 14 4 1
10 15 4 1
10 16 2 1
10 17 2 1
10 18 1 1
10 19 7 1
11 0 8 1
11 1 5 1
11 2 3 1
11 3 3 1
11 4 5 1
11 5 10 1
11 6 2 1
11 7 6 1
11 8 9 1
11 9 3 1
11 10 1 1
11 11 2 1
11 12 3 1
11 13 4 1
11 14 4 1
11 15 2 1
11 16 9 1
11 17 3 1
11 18 10 1
11 19 1 1
12 0 5 1
12 1 1 1
12 2 1 1
12 3 4 1
12 4 1 1
12 5 8 1
12 6 5 1
12 7 4 1
12 8 5 1
12 9 1 1
12 10 7 1
12 11 4 1
12 12 1 1
12 13 5 1
12 14 5 1
12 15 4 1
12 16 9 1
12 17 2 1
12 18 2 1
12 19 9 1
13 0 4 1
13 1 0 1
13 2 8 1
13 3 2 1
13 4 6 1
13 5 9 1
13 6 2 1
13 7 8 1
13 8 4 1
13 9 5 1
13 10 1 1
13 11 8 1
13 12 8 1
13 13 9 1
13 14 0 1
13 15 2 1
13 16 9 1
13 17 7 1
13 18 4 1
13 19 9 1
14 0 7 1
14 1 7 1
14 2 7 1
14 3 6 1
14 4 6 1
14 5 6 1
14 6 3 1
14 7 9 1
14 8 2 1
14 9 3 1
14 10 10 1
14 11 10 1
14 12 3 1
14 13 6 1
14 14 1 1
14 15 6 1
14 16 7 1
14 17 9 1
14 18 9 1
14 19 6 1
15 0 4 1
15 1 5 1
15 2 8 1
15 3 2 1
15 4 3 1
15 5 6 1
15 6 8 1
15 7 8 1
15 8 5 1
15 9 5 1
15 10 3 1
15 11 7 1
15 12 8 1
15 13 9 1
15 14 3 1
15 15 7 1
15 16 6 1
15 17 2 1
15 18 5 1
15 19 6 1
16 0 9 1
16 1 2 1
16 2 4 1
16 3 5 1
16 4 9 1
16 5 0 1
16 6 7 1
16 7 4 1
16 8 0 1
16 9 6 1
16 10 10 1
16 11 8 1
16 12 3 1
16 13 7 1
16 14 7 1
16 15 2 1
16 16 7 1
16 17 7 1
16 18 7 1
16 19 8 1
17 0 3 1
17 1 9 1
17 2 8 1
17 3 9 1
17 4 8 1
17 5 6 1
17 6 4 1
17 7 7 1
17 8 2 1
17 9 3 1
17 10 4 1
17 11 1 1
17 12 9 1
17 13 0 1
17 14 1 1
17 15 3 1
17 16 4 1
17 17 3 1
17 18 5 1
17 19 8 1
18 0 6 1
18 1 9 1
18 2 0 1
18 3 10 1
18 4 4 1
18 5 9 1
18 6 6 1
18 7 8 1
18 8 7 1
18 9 2 1
18 10 8 1
18 11 6 1
18 12 3 1
18 13 2 1
18 14 4 1
18 15 5 1
18 16 1 1
18 17 2 1
18 18 10 1
18 19 1 1
19 0 9 1
19 1 0 1
19 2 7 1
19 3 10 1
19 4 7 1
19 5 3 1
19 6 3 1
19 7 1 1
19 8 9 1
19 9 7 1
19 10 1 1
19 11 8 1
19 12 0 1
19 13 1 1
19 14 0 1
19 15 4 1
19 16 9 1
19 17 2 1
19 18 9 1
19 19 9 1