0 0 0
0 1 6
0 2 2
0 3 2
0 4 3
0 5 1
0 6 10
0 7 2
0 8 5
0 9 6
0 10 10
0 11 6
0 12 6
0 13 10
0 14 3
0 15 2
0 16 3
0 17 6
0 18 5
0 19 8
1 0 7
1 1 8
1 2 4
1 3 5
1 4 9
1 5 8
1 6 8
1 7 2
1 8 3
1 9 4
1 10 1
1 11 4
1 12 5
1 13 6
1 14 9
1 15 2
1 16 3
1 17 7
1 18 5
1 19 7
2 0 2
2 1 1
2 2 5
2 3 10
2 4 3
2 5 9
2 6 8
2 7 8
2 8 3
2 9 1
2 10 0
2 11 5
2 12 2
2 13 1
2 14 1
2 15 2
2 16 0
2 17 10
2 18 1
2 19 6
3 0 3
3 1 2
3 2 3
3 3 4
3 4 8
3 5 2
3 6 5
3 7 5
3 8 7
3 9 7
3 10 2
3 11 1
3 12 7
3 13 7
3 14 2
3 15 5
3 16 2
3 17 10
3 18 2
3 19 1
4 0 5
4 1 1
4 2 1
4 3 5
4 4 8
4 5 9
4 6 7
4 7 5
4 8 7
4 9 7
4 10 8
4 11 7
4 12 6
4 13 4
4 14 4
4 15 7
4 16 1
4 17 4
4 18 7
4 19 9
5 0 4
5 1 6
5 2 2
5 3 1
5 4 5
5 5 1
5 6 5
5 7 2
5 8 7
5 9 3
5 10 7
5 11 0
5 12 1
5 13 1
5 14 7
5 15 2
5 16 2
5 17 3
5 18 0
5 19 6
6 0 7
6 1 3
6 2 3
6 3 5
6 4 2
6 5 0
6 6 8
6 7 8
6 8 1
6 9 10
6 10 10
6 11 4
6 12 6
6 13 9
6 14 2
6 15 5
6 16 7
6 17 7
6 18 9
6 19 2
7 0 6
7 1 5
7 2 3
7 3 3
7 4 5
7 5 1
7 6 7
7 7 2
7 8 3
7 9 9
7 10 4
7 11 3
7 12 4
7 13 10
7 14 5
7 15 2
7 16 10
7 17 7
7 18 7
7 19 2
8 0 5
8 1 5
8 2 10
8 3 7
8 4 5
8 5 6
8 6 0
8 7 3
8 8 2
8 9 2
8 10 9
8 11 4
8 12 3
8 13 9
8 14 9
8 15 7
8 16 7
8 17 8
8 18 8
8 19 2
9 0 5
9 1 5
9 2 4
9 3 1
9 4 3
9 5 0
9 6 5
9 7 6
9 8 2
9 9 2
9 10 0
9 11 0
9 12 10
9 13 6
9 14 4
9 15 2
9 16 3
9 17 3
9 18 8
9 19 4
10 0 3
10 1 4
10 2 3
10 3 10
10 4 4
10 5 9
10 6 6
10 7 8
10 8 9
10 9 8
10 10 7
10 11 0
10 12 9
10 13 3
10 14 9
10 15 2
10 16 2
10 17 3
10 18 2
10 19 7
11 0 5
11 1 5
11 2 5
11 3 2
11 4 1
11 5 0
11 6 8
11 7 6
11 8 2
11 9 8
11 10 7
11 11 2
11 12 8
11 13 8
11 14 6
11 15 8
11 16 8
11 17 1
11 18 2
11 19 6
12 0 4
12 1 6
12 2 5
12 3 7
12 4 6
12 5 3
12 6 8
12 7 6
12 8 9
12 9 2
12 10 5
12 11 2
12 12 7
12 13 6
12 14 6
12 15 9
12 16 8
12 17 9
12 18 2
12 19 1
13 0 6
13 1 8
13 2 0
13 3 1
13 4 0
13 5 6
13 6 8
13 7 5
13 8 8
13 9 7
13 10 8
13 11 2
13 12 8
13 13 9
13 14 2
13 15 4
13 16 0
13 17 5
13 18 7
13 19 8
14 0 6
14 1 2
14 2 9
14 3 4
14 4 3
14 5 6
14 6 1
14 7 1
14 8 7
14 9 0
14 10 4
14 11 10
14 12 2
14 13 2
14 14 9
14 15 6
14 16 6
14 17 6
14 18 5
14 19 0
15 0 3
15 1 8
15 2 6
15 3 6
15 4 2
15 5 8
15 6 5
15 7 8
15 8 8
15 9 8
15 10 1
15 11 3
15 12 7
15 13 6
15 14 1
15 15 5
15 16 3
15 17 2
15 18 4
15 19 4
16 0 4
16 1 3
16 2 10
16 3 9
16 4 9
16 5 0
16 6 7
16 7 0
16 8 9
16 9 7
16 10 1
16 11 5
16 12 0
16 13 5
16 14 0
16 15 2
16 16 10
16 17 8
16 18 6
16 19 3
17 0 9
17 1 3
17 2 3
17 3 7
17 4 7
17 5 7
17 6 8
17 7 5
17 8 7
17 9 9
17 10 0
17 11 3
17 12 10
17 13 5
17 14 7
17 15 2
17 16 6
17 17 1
17 18 7
17 19 8
18 0 8
18 1 4
18 2 0
18 3 4
18 4 8
18 5 8
18 6 9
18 7 0
18 8 6
18 9 9
18 10 3
18 11 7
18 12 10
18 13 10
18 14 9
18 15 3
18 16 8
18 17 4
18 18 4
18 19 7
19 0 5
19 1 6
19 2 9
19 3 2
19 4 9
19 5 7
19 6 9
19 7 2
19 8 4
19 9 10
19 10 4
19 11 6
19 12 9
19 13 1
19 14 1
19 15 1
19 16 4
19 17 6
19 18 8
19 19 1