0 0 1.8333110146166192
0 1 1.1781746151626487
0 2 1.4606063666563522
0 3 1.3968515100502104
0 4 1.3148987366407678
0 5 1.6665717186340672
0 6 1.2500288844512224
0 7 1.3386473850447913
0 8 0.8853138325304293
0 9 1.444440784867232
1 0 1.44623149974255
1 1 1.1885031239531894
1 2 0.937074681561097
1 3 1.3022737929279284
1 4 1.4546866416922575
1 5 1.3518933942390157
1 6 1.4987557181411404
1 7 0.8272778998474346
1 8 0.8731953278284829
1 9 0.5686851634889304
2 0 1.2448056506382759
2 1 0.7065955031633034
2 2 1.036328940186198
2 3 1.1588131314341907
2 4 1.0794216032858273
2 5 1.3110327503662
2 6 1.0305134983954665
2 7 1.0568469066647546
2 8 0.5646523389942327
2 9 1.1802295214477014
3 0 1.1089612080990716
3 1 0.8059442126886964
3 2 0.7918355970691616
3 3 0.8914874216949399
3 4 0.9249130090276855
3 5 1.0010071489995862
3 6 0.9312188879667143
3 7 0.7187639337929709
3 8 0.6097134554331125
3 9 0.6561147913760542
4 0 1.2438199414863687
4 1 1.1238146982521242
4 2 1.1602518340121892
4 3 1.1147673328912224
4 4 1.0770671086288242
4 5 1.1970698450627826
4 6 0.8048275797213927
4 7 0.6820113401989731
4 8 0.47942944551573646
4 9 0.5927770709221549
5 0 1.752888307991612
5 1 1.1673647999608114
5 2 1.1373563905669968
5 3 1.2568940110604157
5 4 1.1090845377653196
5 5 1.4226566066815598
5 6 0.9507453172125669
5 7 0.7496928387768498
5 8 0.7615110949564114
5 9 0.7968394657883007
6 0 1.640051148536454
6 1 1.8102968757742
6 2 1.7610894686616718
6 3 1.2598267042044242
6 4 1.4966965942179817
6 5 1.4854323940444951
6 6 1.3250468240044997
6 7 1.2784954053557778
6 8 0.9299179193337279
6 9 0.925739595524867
7 0 1.620836450077854
7 1 1.4690985863565542
7 2 1.5737454594504399
7 3 1.2022321547906274
7 4 1.1900850302987225
7 5 1.421603589263467
7 6 0.9190989705338779
7 7 1.0344454934559308
7 8 0.7125314305273771
7 9 0.9455264302004692
8 0 1.153132922415105
8 1 0.987146331274747
8 2 1.0229846348722347
8 3 0.5169438803692283
8 4 0.7186801616375458
8 5 0.8297841968462375
8 6 0.9058233130475233
8 7 1.1140761839545938
8 8 0.8681009311247886
8 9 0.9896857359109109
9 0 1.6591212919942304
9 1 1.1740809086040596
9 2 1.2051773797472143
9 3 1.2666450293082923
9 4 1.1638403084267985
9 5 1.428121300382738
9 6 0.9991816295461831
9 7 0.8459970387423335
9 8 0.7293760753978438
9 9 0.8615309400342869